698638.314120436,698566.704866215,698596.907612015,698678.522133421
698674.381135019,698597.751496789,698640.18141631,698715.114341532
698726.254022062,698649.121663384,698690.440400451,698765.0575438
698772.971053714,698695.745395021,698747.900814624,698835.233734203
698664.999438417,698637.489494176,698628.356609863,698623.422122229,698553.802781572,698552.763823128,698563.424578503,698648.659798424,698649.637210167,698653.810164139,698670.158298014,698697.48999327,698692.303967018,698683.10312101,698675.241831274
698709.439915162,698664.691893152,698691.995807523,698736.750977952
698749.630308862,698678.832407923,698724.553445061,698796.449607407
698793.61931832,698733.266324313,698769.173818273,698799.291795281,698874.278966377,698889.55660875,698892.60927783,698904.292962307
698799.139741748,698772.47601945,698840.610407484,698867.296222499
698775.526959262,698691.001141053,698701.887143471,698707.894381294,698716.740764496,698795.266662489
698829.474071525,698778.320501396,698796.198224461,698847.347647809
698720.116847933,698772.271253086,698787.968597853,698764.819805261,698808.067291121,698828.847895029,698815.987835184,698833.511326039,698846.524002382,698868.206838027,698823.961008681,698801.616320921,698785.590393651,698821.411414299,698920.879523002,698890.655586516,698918.776616432,698855.434051703
698821.411414299,698918.960834352,698931.194745661,698923.351248383,698928.969294321,698937.985364058,698964.782272266,698945.256702765,698912.587794067,698871.03701747,698872.041145063,698858.671579222,698896.361638106,698912.377973504,698919.54931633,698923.041765847,698915.065080021,698971.876406564,698981.071875293,698965.61881154,698963.272346352,698951.036472879,698952.810834759,698949.548208289,698955.851014525,698926.293179611,698935.199787394,698926.17915834,698928.849782757,698930.553200271,698958.864847505,698970.080888463,698940.388327983,698945.04055151,698932.204335251,698911.835755949,698910.86971582,698865.692149368,698856.028671707,698839.411407792,698835.607564137
698893.200704656,698870.020389109,698879.512363109,698876.119567568,698894.468925211,698923.674372583
698925.832991826,698897.918986831,698915.514526399,698943.428607934
698924.569636773,698912.719585153,698910.579283169,698911.132555011,698918.076690668,698925.636258454,698971.892122335,698970.024860407,698972.585750765,698967.705657137,698974.051119911,698980.123944211,698999.594048861,699010.041659858,698981.667736282,698946.005477223,698935.688638618
698982.685932237,698973.983048158,698977.594256871,698956.863225975,698968.15997811,698982.491207802,698988.17690463,699008.247781978,699017.350265705,699019.9405697,699024.453714228,699031.5526085,699027.054139733,699018.968904163,699014.062824037,699003.266619688,699000.194807169,698986.126326376
698951.676046552,698928.452013978,698849.500664642,698856.390764696,698855.538704845,698855.361950252,698855.418420963,698860.852332703,698861.284107556,698862.371176804,698869.482467444,698895.292532841,698896.500477797,698923.689523001,698922.890758338,698948.92063733,698970.165430269
698919.480272589,698871.524809164,698871.279287996,698944.934568177,698957.887570452,699003.273817946
699015.578839567,698963.973575533,698963.494490904,699043.160618986,699095.422842778,699093.629566039
698980.56102295,698934.462548806,699020.484693112,699060.853324318,699040.930938929,698988.361923045
699074.134608489,699031.317926392,699110.632314217,699152.845537755
698764.666528657,698616.249146944,698662.216371229,698679.246163835,698683.395635089,698805.416892226,698753.634191834,698768.139372615,698804.235010351,698812.74714013,698826.208652928,698832.496216879,698836.932154617,698923.962760839
699096.525272104,699035.386823644,699027.286035087,699043.754776935,699016.304637893,699011.203405509,698977.379360849,699090.136695573,699079.702172134,698969.689657073,698924.048017042,699015.413155862,698991.657890852,698910.515452179,698883.412119421,698962.913149634,698944.991059456,698877.377774985,698858.292824358,698915.357756904,698898.369106046,698844.109981935,698759.400371324,698775.541153308,699324.168876955
698629.332555485,698583.31206946,698677.616083995,698730.779452859
699050.674142038,698996.883409044,699075.131223564,699132.116105981,699141.242409442,699084.167779235,699163.997818725,699224.431527079
