5712074.72050468,5712025.59404894,5711963.30525435,5712018.05754424
5711990.94792751,5711944.07424075,5711886.71847055,5711935.97606298
5711922.38195879,5711871.81319934,5711808.28985486,5711867.22348479
5711864.52702072,5711804.26621987,5711718.78575929,5711775.88013295
5712134.89400954,5712116.00017091,5712118.98312826,5712107.87731558,5712065.06469544,5712056.1157993,5712029.36299505,5712087.59718018,5712085.51975012,5712088.57834968,5712073.40647956,5712091.17997333,5712105.11867255,5712119.23417819,5712128.05721796
5712091.6480793,5712060.2754379,5712021.48045754,5712052.85360563
5712048.23596917,5711999.13968247,5711935.00958952,5711983.48139803
5711977.35741027,5711935.23956651,5711886.09209298,5711908.65209315,5711805.69435839,5711816.53780214,5711812.64876644,5711820.45616855
5711897.28811118,5711877.86999861,5711782.43800296,5711801.30055331
5712197.79583733,5712146.71368803,5712128.76685124,5712132.34276588,5712117.87935633,5712165.38617086
5712227.63716262,5712196.34636611,5712167.3156849,5712198.71783843
5712102.97894721,5712029.5249549,5712041.60945876,5712073.44017692,5712104.97764201,5712076.50623524,5712066.64850685,5712042.94899379,5712052.81274691,5712023.48601751,5711992.24299662,5712024.10508997,5712011.89631631,5711966.19776698,5712040.69532433,5712076.14544395,5712096.6236068,5712188.23357681
5711966.19776698,5711832.05527284,5711840.88649778,5711851.71426176,5711855.83192991,5711843.26850332,5711862.47002734,5711889.54259612,5711866.32490791,5711920.81789104,5711924.08650108,5711944.05138575,5711971.36298431,5711948.38408289,5711953.45348214,5711948.3568257,5711942.92178253,5711868.09323387,5711874.6897015,5711896.57697619,5711894.59193714,5711910.25828878,5711911.77547142,5711916.32435698,5711920.69162344,5711966.41221753,5711973.10863694,5711987.56488507,5711989.78532797,5711986.73423411,5711927.26832344,5711934.94620702,5711997.03038661,5712000.44208709,5712015.30544912,5712000.47618558,5712001.55183857,5711969.26973736,5711982.58736342,5711970.57794693,5711976.8873346
5711959.32424435,5711939.485386,5711925.93834977,5711923.35556453,5711896.68205712,5711918.7616418
5711915.6170422,5711895.14702694,5711871.22786076,5711891.69797068
5712084.9359699,5712075.89706547,5712071.13629633,5712066.59250388,5712055.84082473,5712060.92546764,5711997.93193351,5711996.4110978,5711993.28229634,5711989.30486508,5711981.42495714,5711986.34000706,5711962.27194622,5711970.58790335,5712005.77606255,5712060.49941408,5712068.33495255
5711949.35980769,5711942.78264838,5711938.02474398,5711922.51297662,5711907.58927876,5711885.43530219,5711878.08629194,5711892.01333382,5711906.28961492,5711921.53531103,5711933.62719828,5711940.36422111,5711946.31216778,5711952.67616544,5711959.27625128,5711951.16931888,5711955.28024533,5711944.70656223
5712304.47450511,5712290.75797603,5712240.89379272,5712229.91722406,5712229.32705322,5712228.87471046,5712228.32015773,5712220.29304534,5712220.08726642,5712220.35259176,5712209.05064955,5712225.20669636,5712223.80646828,5712240.57351001,5712241.98977889,5712258.37744778,5712272.79589764
5712226.93467244,5712197.88403596,5712194.75651649,5712087.62764561,5712073.32567051,5712107.5098897
5712098.75030821,5712062.31768368,5712057.17663452,5711950.61878474,5711993.87052208,5712002.04030582
5712264.1840638,5712234.203454,5712120.65672348,5712150.63591745,5712181.81260652,5712252.129852
5712138.24012004,5712107.2739394,5712006.15962136,5712035.87785697
