3685.0,3084.0,2796.0,3686.0,1971.0,1107.0
1154.0,109.0,109.0,1154.0,1.0,109.0
2025.0,2952.0,1238.0,458.0,1.0,2220.0
1975.0,2358.0,1976.0,2184.0,1.0,1975.0
2853.0,1525.0,3530.0,677.0,1223.0,2854.0
4160.0,1844.0,2713.0,4741.0,1562.0,1442.0
1527.0,110.0,1118.0,457.0,1.0,2610.0
1015.0,1550.0,98.0,1206.0,1.0,98.0
1521.0,1499.0,697.0,456.0,1.0,1521.0
544.0,798.0,1335.0,1316.0,1.0,109.0
3348.0,98.0,732.0,458.0,1.0,3629.0
1178.0,877.0,100.0,1713.0,1.0,100.0
810.0,109.0,109.0,810.0,1.0,1159.0
411.0,248.0,247.0,412.0,1.0,99.0
570.0,846.0,925.0,571.0,1.0,100.0
252.0,170.0,50.0,82.0,1.0,295.0
1635.0,100.0,1635.0,1922.0,1.0,2413.0
1293.0,249.0,248.0,1516.0,1.0,98.0
820.0,1605.0,1333.0,1956.0,1.0,820.0
1036.0,1036.0
3122.0,3122.0
541.0,541.0
1182.0,1182.0
2615.0,2615.0
2124.0,607.0,1371.0,2586.0,1.0,607.0
907.0,655.0,1583.0,1436.0,1.0,77.0
1665.0,87.0,1414.0,1665.0,1.0,153.0
655.0,949.0,404.0,948.0,1.0,655.0
1022.0,714.0,1022.0,1023.0,1.0,2004.0
1818.0,190.0,924.0,1819.0,2429.0,2536.0
1915.0,1915.0
1600.0,1600.0
109.0,109.0
109.0,109.0
109.0,109.0
109.0,109.0
109.0,109.0
109.0,109.0
109.0,109.0
109.0,109.0
109.0,109.0
109.0,109.0
705.0,705.0
109.0,109.0
109.0,109.0
1318.0,1318.0
109.0,109.0
109.0,109.0
649.0,109.0,2099.0,1250.0,1.0,153.0
1200.0,87.0,313.0,1201.0,1.0,625.0
3626.0,970.0,840.0,661.0,1.0,3626.0
